  5  1 77 49 20  0 16  0 16 16 16  0  0  0  0  0 34  0 34 34 34  0  0  0  0  0  0  0  0  0  0  0  0  0  0  0 10  0  7  0
 49  2  0  0  0  0  0  0  0  0100100100 49 49120  0  0  0  0  0  0  0  0  0  0  0  0  0  0  0  0  0  0  0  0  0  0  0  5
  1.258 67.578 42.600288.500 11.000
DPS-4 042/MHJ45, NAME Millstone Hill, ARTIST 5002, NH 4.31                                                              
FF201833011261515000420421101000005010000000001107501000090502560000910040000
   5.2509999.000   3.687  19.355   1.200   7.000   4.500   1.200   2.860   6.150 260.000 260.000 103.643 120.000 108.179
  17.7969999.0009999.0009999.0009999.0009999.000   0.4509999.0009999.000   5.050 275.0009999.000   2.677   4.500   4.500
   3.724 189.9409999.000 142.148   6.3209999.000  49.9869999.000   4.887  31.049  85.180   1.1009999.0009999.0009999.000
9999.0009999.0009999.0009999.000
 1 2 0 0 0 0 0 0 033 1 0 0 0 0 0 0 0 0 0
 260.000 260.000 260.000 260.000 265.000 267.500 270.000 270.000 270.000 270.000 272.500 275.000 280.000 285.000 295.785
 323.927
102102105 96 90  0 87  0 93 90200102 90 87 84 84
3333333433963333
   4.500   4.550   4.600   4.650   4.700   4.750   4.800   4.850   4.900   4.950   5.000   5.050   5.100   5.150   5.200
   5.250
 103.643 103.976 104.326 104.696 105.084 105.493 105.923 106.375 106.851 107.351 107.877 108.431 109.014 109.629 110.277
 110.962 111.687 112.455 113.270 114.139 115.066 116.059 117.127 118.282 119.538 120.915 122.437 124.141 126.078 128.328
 131.024 134.411 139.036 146.631
 81 84 87  0  0 90 90  0 96 90  0  0200200200200200114 87  0 84 87 87  0 87  0200 78 87 75 78  0 66 60
3344533344339999974446474493443747
   1.200   1.250   1.300   1.350   1.400   1.450   1.500   1.550   1.600   1.650   1.700   1.750   1.800   1.850   1.900
   1.950   2.000   2.050   2.100   2.150   2.200   2.250   2.300   2.350   2.400   2.450   2.500   2.550   2.600   2.650
   2.700   2.750   2.800   2.850
0.286000E+10.525000E+10.189940E+30.000000E+0-.527380E+2-.199040E+20.922900E+1-.231800E+10.217000E+00.142148E+3
0.200000E+00.286000E+10.108179E+30.836600E+1-.267610E+20.111460E+2-.256400E+1
0000000000000000000000000002002000200000000000000
0.162470E+20.140000E+0
  90.000  95.000 100.000 105.000 108.179 110.000 113.595 115.000 119.010 120.000 124.426 125.000 130.000 135.000 140.000
 145.000 150.000 155.000 160.000 165.000 170.000 175.000 180.000 185.000 189.940 190.000 195.000 200.000 205.000 210.000
 215.000 220.000 225.000 230.000 235.000 240.000 245.000 250.000 255.000 260.000 265.000 270.000 275.000 280.000 285.000
 290.000 295.000 300.000 305.000 310.000 315.000 320.000 325.000 330.000 335.000 340.000 345.000 350.000 355.000 360.000
 365.000 370.000 375.000 380.000 385.000 390.000 395.000 400.000 405.000 410.000 415.000 420.000 425.000 430.000 435.000
 440.000 445.000 450.000 455.000 460.000 465.000 470.000 475.000 480.000 485.000 490.000 495.000 500.000 505.000 510.000
 515.000 520.000 525.000 530.000 535.000 540.000 545.000 550.000 555.000 560.000
   0.200   1.950   2.538   2.813   2.860   2.844   2.720   2.720   2.720   2.746   2.860   2.890   3.150   3.398   3.623
   3.826   4.012   4.186   4.351   4.510   4.665   4.821   4.979   5.140   5.250   5.250   5.237   5.200   5.142   5.065
   4.973   4.868   4.752   4.626   4.494   4.357   4.217   4.073   3.929   3.785   3.642   3.500   3.360   3.223   3.089
   2.958   2.831   2.707   2.588   2.473   2.361   2.254   2.151   2.052   1.957   1.865   1.778   1.694   1.614   1.538
   1.465   1.395   1.328   1.264   1.203   1.145   1.090   1.037   0.987   0.939   0.894   0.850   0.809   0.770   0.732
   0.696   0.662   0.630   0.599   0.570   0.542   0.516   0.490   0.466   0.444   0.422   0.401   0.382   0.363   0.345
   0.328   0.312   0.297   0.282   0.268   0.255   0.243   0.231   0.220   0.209
0.495E+30.471E+50.797E+50.980E+50.101E+60.100E+60.916E+50.916E+50.916E+50.933E+50.101E+60.103E+60.123E+60.143E+60.162E+6
0.181E+60.199E+60.217E+60.234E+60.252E+60.269E+60.288E+60.307E+60.327E+60.341E+60.341E+60.340E+60.335E+60.327E+60.318E+6
0.306E+60.293E+60.280E+60.265E+60.250E+60.235E+60.220E+60.205E+60.191E+60.177E+60.164E+60.152E+60.140E+60.129E+60.118E+6
0.108E+60.992E+50.907E+50.829E+50.757E+50.690E+50.629E+50.573E+50.521E+50.474E+50.431E+50.391E+50.355E+50.323E+50.293E+5
0.266E+50.241E+50.218E+50.198E+50.179E+50.162E+50.147E+50.133E+50.121E+50.109E+50.989E+40.895E+40.810E+40.733E+40.664E+4
0.600E+40.543E+40.492E+40.445E+40.402E+40.364E+40.329E+40.298E+40.269E+40.244E+40.220E+40.199E+40.180E+40.163E+40.147E+4
0.133E+40.121E+40.109E+40.986E+30.892E+30.807E+30.729E+30.660E+30.597E+30.539E+3
/////////////////////////////////////////////////
/////////////////////////////////////////////////
000100000000000000000000000000000000000000000000000000000000000000000000000000000000000000000000000000000000000000000000
